0,0.083027,0.10247,0.097331,0.083617,0.080771,0.093636,0.025529,0.041174,0.034584,0.046022,0.059695,0.055282,0.065378,0.063965,0.14305,0.11676,0.11843,0.13308,0.021277,0.020644,0.019854,0.022434,0.023958,0.018901,0.019536,0.019617,0.029404,0.035329,0.05738,0.046268,0.079058,0.12744,0.14506,0.20153,0.186,0.17718,0.1703,0.17488,0.026875,0.025523,0.026718,0.031708,0.088127,0.15035,0.1576,0.15503,0.15231,0.14423,0.14077,0.086268,0.049133,0.050054,0.058232,0.055761,0.028799,0.051992,0.050004,0.059687,0.078321,0.12206,0.012827,0.011125,0.0076105,0.06255,0.070056,0.095222,0.13099,0.098927,0.12196,0.11686,0.089587,0.092244,0.18316,0.18703,0.0087163,0.0080444,0.011374,0.084985,0.033901,0.091444,0.051201,0.10274,0.056707,0.067695,0.075911,0.070061,0.10167,0.097037,0.10279,0.013208,0.1348,0.19019,0.18928,0.14569,0.1019,0.1466,0.15405,0.24182,0.032854,0.03557,0.017774,0.015751,0.013957,0.078086,0.15522,0.19174,0.20372,0.16225,0.17105,0.1576,0.13496,0.12902,0.15626,0.20018,0.187
0.083027,0,0.021008,0.016583,0.010376,0.0091191,0.013308,0.057812,0.042128,0.048674,0.037371,0.024397,0.028536,0.019192,0.020498,0.06013,0.03425,0.035898,0.050243,0.062163,0.062821,0.063639,0.060986,0.059387,0.064661,0.063977,0.063888,0.053876,0.047932,0.026457,0.037147,0.0094928,0.044725,0.06211,0.11851,0.10298,0.094153,0.087277,0.091855,0.05645,0.057787,0.056594,0.05154,0.010864,0.067372,0.074588,0.072036,0.069323,0.061309,0.05787,0.0091693,0.034358,0.03344,0.025584,0.027894,0.054494,0.031651,0.033552,0.024145,0.0095656,0.039498,0.094794,0.09279,0.088093,0.021612,0.015042,0.015256,0.048176,0.01792,0.039409,0.034517,0.011323,0.013376,0.10013,0.104,0.076457,0.077268,0.073066,0.0090799,0.049368,0.012706,0.032278,0.021339,0.026934,0.017145,0.0113,0.015394,0.020133,0.016427,0.021242,0.070832,0.051975,0.10716,0.10625,0.062763,0.020378,0.063676,0.07107,0.15879,0.050411,0.047681,0.065871,0.068064,0.070026,0.0098992,0.072231,0.10871,0.1207,0.079233,0.088026,0.074603,0.052129,0.046272,0.073264,0.11715,0.10397
0.10247,0.021008,0,0.010755,0.020687,0.023068,0.012835,0.077218,0.061399,0.068014,0.056567,0.043087,0.047416,0.037548,0.038924,0.041132,0.017231,0.018533,0.031631,0.081587,0.082247,0.083069,0.080404,0.078802,0.084091,0.083407,0.083317,0.073257,0.067265,0.045348,0.056327,0.024552,0.026542,0.043071,0.099066,0.083537,0.074726,0.067881,0.072436,0.07585,0.0772,0.075996,0.070907,0.016933,0.048181,0.055294,0.052767,0.050099,0.042281,0.038907,0.018201,0.053477,0.052567,0.044505,0.04693,0.07388,0.050657,0.052622,0.043075,0.025214,0.021646,0.11423,0.11223,0.10753,0.040286,0.033009,0.011873,0.029596,0.011033,0.021571,0.017419,0.0157,0.01407,0.080697,0.084559,0.095896,0.096708,0.092505,0.019382,0.068701,0.014682,0.051436,0.011791,0.046006,0.035306,0.027511,0.033051,0.0099667,0.011162,0.01059,0.09027,0.033146,0.087721,0.086814,0.043593,0.010302,0.044494,0.051796,0.13935,0.069767,0.067019,0.085306,0.087501,0.089465,0.025486,0.052977,0.089272,0.10126,0.059907,0.068625,0.055325,0.033305,0.027863,0.054009,0.097712,0.08453
0.097331,0.016583,0.010755,0,0.016312,0.018465,0.01024,0.072085,0.056292,0.062893,0.051472,0.038052,0.04236,0.032554,0.03392,0.046176,0.021505,0.022982,0.036546,0.076452,0.077112,0.077933,0.07527,0.073668,0.078956,0.078271,0.078182,0.068129,0.062144,0.040298,0.051231,0.019874,0.03137,0.048129,0.1042,0.088672,0.079855,0.073003,0.077564,0.070718,0.072066,0.070865,0.065781,0.013074,0.053263,0.060395,0.057862,0.055188,0.047334,0.043934,0.014053,0.048392,0.047482,0.039457,0.041867,0.06875,0.045583,0.04754,0.038031,0.020516,0.026248,0.1091,0.10709,0.1024,0.035268,0.028067,0.0099538,0.034507,0.011102,0.026211,0.021772,0.012343,0.0118,0.085831,0.089694,0.09076,0.091572,0.087369,0.015083,0.063578,0.012393,0.046354,0.013551,0.040947,0.030339,0.022685,0.028111,0.010477,0.010209,0.012258,0.085135,0.038112,0.092857,0.09195,0.048654,0.011262,0.049556,0.056885,0.14448,0.064643,0.061898,0.08017,0.082365,0.084329,0.020732,0.05807,0.094408,0.10639,0.065015,0.073749,0.060426,0.03827,0.03271,0.059106,0.10285,0.089665
0.083617,0.010376,0.020687,0.016312,0,0.010439,0.013848,0.058397,0.042741,0.04927,0.037999,0.025003,0.02913,0.019845,0.02111,0.059606,0.033983,0.035595,0.049782,0.06275,0.06341,0.064226,0.061573,0.059974,0.065249,0.064564,0.064476,0.054464,0.048526,0.02713,0.037769,0.010752,0.044337,0.061582,0.11792,0.10239,0.093564,0.086693,0.091268,0.057038,0.058375,0.057184,0.052132,0.010743,0.066811,0.074014,0.071464,0.068756,0.060776,0.057344,0.010264,0.03499,0.034087,0.026291,0.028615,0.05508,0.032245,0.034148,0.024936,0.011418,0.03907,0.095384,0.09338,0.088683,0.022343,0.016022,0.014739,0.047712,0.018321,0.039002,0.034145,0.011781,0.013584,0.099544,0.10341,0.077047,0.077858,0.073655,0.010262,0.049953,0.014047,0.032956,0.021936,0.027706,0.017863,0.011951,0.016,0.019963,0.016431,0.021328,0.071421,0.051456,0.10657,0.10566,0.062188,0.020353,0.063099,0.07049,0.1582,0.051003,0.04828,0.066459,0.068652,0.070615,0.011258,0.07166,0.10812,0.12011,0.078658,0.087441,0.07403,0.051615,0.045824,0.072694,0.11656,0.10338
0.080771,0.0091191,0.023068,0.018465,0.010439,0,0.015143,0.05557,0.039915,0.046449,0.035176,0.022268,0.026373,0.017181,0.018464,0.062368,0.036481,0.038128,0.052477,0.059914,0.060572,0.061387,0.058738,0.05714,0.062409,0.061725,0.061637,0.051641,0.045708,0.024323,0.034953,0.0089674,0.046963,0.064351,0.12076,0.10523,0.096409,0.089534,0.094112,0.054209,0.055543,0.054349,0.049308,0.01172,0.069617,0.076839,0.074285,0.071569,0.063547,0.060107,0.010233,0.032174,0.031259,0.023454,0.025752,0.052257,0.029474,0.031372,0.022038,0.008937,0.041708,0.092537,0.090533,0.085836,0.019536,0.013249,0.016924,0.050411,0.019965,0.04163,0.036729,0.012729,0.014965,0.10239,0.10625,0.0742,0.075011,0.070809,0.0095532,0.047142,0.014662,0.030093,0.023613,0.024811,0.015233,0.010104,0.013612,0.022204,0.018349,0.02338,0.068576,0.054208,0.10942,0.10851,0.064999,0.022472,0.065913,0.073316,0.16105,0.048181,0.045457,0.063617,0.065809,0.067771,0.0091259,0.074478,0.11097,0.12295,0.081486,0.090282,0.076852,0.054363,0.048508,0.075513,0.11941,0.10622
0.093636,0.013308,0.012835,0.01024,0.013848,0.015143,0,0.068396,0.052628,0.059216,0.047814,0.03444,0.038735,0.02896,0.030331,0.049669,0.024353,0.025953,0.039909,0.072759,0.073418,0.074239,0.071578,0.069977,0.075262,0.074577,0.074488,0.064444,0.058469,0.036653,0.047576,0.01644,0.034563,0.051638,0.1079,0.092367,0.083545,0.076679,0.08125,0.067029,0.068375,0.067176,0.062098,0.010966,0.056844,0.064022,0.06148,0.058785,0.050851,0.047434,0.011142,0.044742,0.043829,0.035808,0.03821,0.065064,0.041937,0.043891,0.034353,0.016945,0.029429,0.1054,0.1034,0.098701,0.03163,0.024451,0.010455,0.037865,0.011192,0.029392,0.024733,0.010492,0.010895,0.089526,0.09339,0.087065,0.087876,0.083673,0.01203,0.059902,0.010522,0.042689,0.014021,0.037265,0.026745,0.019269,0.02459,0.011844,0.010299,0.013172,0.081439,0.041588,0.096553,0.095645,0.052251,0.012372,0.053162,0.060524,0.14818,0.060962,0.058221,0.076475,0.078669,0.080634,0.017308,0.061684,0.098104,0.11009,0.068658,0.077426,0.064045,0.041745,0.036037,0.062712,0.10654,0.093359
0.025529,0.057812,0.077218,0.072085,0.058397,0.05557,0.068396,0,0.016976,0.011205,0.02147,0.034696,0.030382,0.040309,0.038914,0.1178,0.091506,0.093184,0.10783,0.0079616,0.0083889,0.008735,0.0075856,0.007085,0.0094333,0.0089841,0.0088843,0.0081517,0.011989,0.032433,0.021745,0.05386,0.10219,0.11981,0.17628,0.16075,0.15193,0.14505,0.14963,0.0071024,0.0069661,0.0074205,0.0092948,0.062894,0.1251,0.13235,0.12978,0.12706,0.11898,0.11552,0.061043,0.024449,0.025338,0.033305,0.030874,0.0075773,0.027245,0.025328,0.034745,0.053133,0.096804,0.03706,0.035074,0.030457,0.037531,0.044933,0.069978,0.10574,0.07368,0.096714,0.091608,0.064347,0.067,0.15791,0.16177,0.019265,0.020022,0.01618,0.059764,0.010651,0.066208,0.026487,0.077491,0.031894,0.042597,0.050735,0.044931,0.076419,0.071791,0.077545,0.014139,0.10955,0.16494,0.16403,0.12043,0.076651,0.12135,0.12879,0.21656,0.010148,0.012208,0.010342,0.011944,0.013591,0.052896,0.12997,0.16649,0.17847,0.137,0.1458,0.13235,0.10971,0.10377,0.13101,0.17493,0.16174
0.041174,0.042128,0.061399,0.056292,0.042741,0.039915,0.052628,0.016976,0,0.0096534,0.0086525,0.019537,0.015598,0.024951,0.0236,0.10193,0.075647,0.077325,0.091962,0.020949,0.021609,0.022347,0.019831,0.018383,0.023303,0.022648,0.022565,0.013673,0.0093752,0.017525,0.0090615,0.038249,0.086322,0.10394,0.16041,0.14488,0.13606,0.12918,0.13376,0.015798,0.016952,0.015911,0.011864,0.047183,0.10923,0.11647,0.11391,0.11119,0.10311,0.09965,0.04533,0.010872,0.011417,0.018295,0.016004,0.013986,0.013112,0.011735,0.019668,0.037525,0.080937,0.05289,0.050888,0.046203,0.022278,0.029446,0.054203,0.089865,0.057882,0.080845,0.075744,0.048611,0.051233,0.14204,0.1459,0.0347,0.035495,0.031382,0.044065,0.010253,0.050481,0.012209,0.06168,0.017187,0.027181,0.035142,0.029438,0.060609,0.056004,0.061724,0.029201,0.093683,0.14907,0.14816,0.10456,0.06082,0.10548,0.11292,0.20069,0.0111,0.0093978,0.024454,0.026537,0.028438,0.037257,0.1141,0.15062,0.1626,0.12113,0.12993,0.11648,0.093838,0.087899,0.11514,0.15906,0.14587
0.034584,0.048674,0.068014,0.062893,0.04927,0.046449,0.059216,0.011205,0.0096534,0,0.013307,0.025792,0.02162,0.031331,0.029951,0.10858,0.08229,0.083968,0.098615,0.014812,0.015447,0.016107,0.013801,0.012489,0.017032,0.016404,0.016323,0.0088522,0.0075564,0.023624,0.013653,0.04476,0.092974,0.11059,0.16706,0.15153,0.14271,0.13583,0.14041,0.010268,0.011215,0.010457,0.0077691,0.053742,0.11588,0.12313,0.12057,0.11784,0.10977,0.1063,0.051891,0.01609,0.016888,0.02449,0.022096,0.008939,0.018726,0.016981,0.025913,0.044036,0.087587,0.046245,0.044247,0.039582,0.028603,0.035898,0.060793,0.096518,0.064484,0.087496,0.082391,0.055179,0.057815,0.14869,0.15256,0.02816,0.028949,0.024887,0.05062,0.0070775,0.057044,0.017941,0.068288,0.023255,0.033592,0.041646,0.035889,0.067218,0.062598,0.068339,0.022731,0.10034,0.15572,0.15481,0.11122,0.067439,0.11213,0.11958,0.20735,0.0076472,0.0076364,0.018139,0.020147,0.022007,0.043783,0.12075,0.15727,0.16926,0.12778,0.13658,0.12314,0.10049,0.094551,0.1218,0.16571,0.15253
0.046022,0.037371,0.056567,0.051472,0.037999,0.035176,0.047814,0.02147,0.0086525,0.013307,0,0.015265,0.011756,0.020456,0.019153,0.097062,0.07079,0.072467,0.087095,0.025581,0.026236,0.027004,0.024441,0.022933,0.027984,0.027317,0.027237,0.017897,0.012822,0.013491,0.0078274,0.033539,0.081455,0.099069,0.15554,0.14001,0.13119,0.12431,0.12889,0.0202,0.021438,0.020311,0.015831,0.042402,0.10436,0.1116,0.10904,0.10632,0.098243,0.09478,0.040553,0.0084345,0.0086816,0.014201,0.012133,0.018347,0.0099991,0.009263,0.015478,0.032828,0.076074,0.057759,0.055756,0.051065,0.017906,0.024838,0.049396,0.084996,0.05306,0.075979,0.070886,0.043832,0.046448,0.13717,0.14103,0.039518,0.040316,0.036177,0.039291,0.013996,0.04571,0.0091194,0.05686,0.013446,0.022636,0.030439,0.024822,0.05578,0.05119,0.056895,0.033982,0.088814,0.1442,0.14329,0.099694,0.055993,0.10061,0.10805,0.19582,0.014915,0.012697,0.029144,0.03127,0.033187,0.032523,0.10923,0.14575,0.15773,0.11626,0.12506,0.11161,0.088969,0.083032,0.11027,0.15419,0.141
0.059695,0.024397,0.043087,0.038052,0.025003,0.022268,0.03444,0.034696,0.019537,0.025792,0.015265,0,0.0088747,0.0099446,0.0092666,0.083369,0.057173,0.058841,0.073418,0.038979,0.039628,0.040433,0.037816,0.036244,0.041439,0.040761,0.040677,0.030852,0.025103,0.0084242,0.015141,0.020816,0.067796,0.085371,0.14184,0.12631,0.11749,0.11061,0.11519,0.03336,0.034669,0.033484,0.028581,0.029203,0.090657,0.097904,0.095343,0.092618,0.084547,0.081088,0.027396,0.012864,0.012101,0.0082487,0.0086471,0.031441,0.011113,0.012492,0.0084004,0.020177,0.06244,0.071459,0.069455,0.064758,0.0087368,0.013076,0.036049,0.071321,0.039652,0.062334,0.057283,0.030679,0.033278,0.12347,0.12733,0.053142,0.053947,0.04977,0.026154,0.026501,0.032663,0.01112,0.043483,0.009107,0.011473,0.017825,0.013,0.042293,0.037811,0.043429,0.047548,0.075133,0.1305,0.12959,0.085997,0.042526,0.086912,0.094354,0.18212,0.027507,0.024882,0.042628,0.044799,0.046739,0.01973,0.095531,0.13205,0.14403,0.10256,0.11136,0.097912,0.075289,0.069368,0.096573,0.14049,0.1273
0.055282,0.028536,0.047416,0.04236,0.02913,0.026373,0.038735,0.030382,0.015598,0.02162,0.011756,0.0088747,0,0.012797,0.011768,0.087782,0.061558,0.063229,0.077824,0.03463,0.03528,0.036079,0.033472,0.031912,0.037077,0.036402,0.036319,0.026589,0.020949,0.0084737,0.011727,0.024837,0.072196,0.089786,0.14626,0.13073,0.1219,0.11503,0.11961,0.029059,0.030356,0.02918,0.024361,0.033423,0.095074,0.10232,0.09976,0.097034,0.088962,0.085501,0.031607,0.0099522,0.0093793,0.0087539,0.0080734,0.02715,0.0089516,0.0098322,0.0095916,0.024174,0.06683,0.067042,0.065038,0.060342,0.010897,0.016631,0.040329,0.075727,0.043958,0.066729,0.06166,0.034887,0.037489,0.12789,0.13175,0.048741,0.049542,0.045375,0.030357,0.022327,0.036834,0.0087406,0.047779,0.0091416,0.014688,0.021787,0.016554,0.046627,0.042104,0.047754,0.043161,0.07954,0.13491,0.13401,0.090412,0.046845,0.091327,0.09877,0.18654,0.02331,0.020751,0.038257,0.040419,0.04235,0.023786,0.099948,0.13646,0.14845,0.10698,0.11578,0.10233,0.079696,0.073769,0.10099,0.1449,0.13172
0.065378,0.019192,0.037548,0.032554,0.019845,0.017181,0.02896,0.040309,0.024951,0.031331,0.020456,0.0099446,0.012797,0,0.0081827,0.077696,0.051555,0.053219,0.067759,0.044608,0.045258,0.046067,0.043439,0.04186,0.047079,0.046399,0.046312,0.036431,0.030616,0.011273,0.020277,0.015713,0.062153,0.079692,0.13616,0.12063,0.1118,0.10493,0.1095,0.038968,0.040281,0.03909,0.034146,0.023865,0.084976,0.09222,0.089659,0.086935,0.078874,0.075419,0.022064,0.017727,0.016836,0.010304,0.012048,0.03703,0.015463,0.017094,0.009487,0.015156,0.056817,0.077144,0.07514,0.070443,0.0082181,0.0091812,0.030589,0.065667,0.034149,0.056706,0.051683,0.025259,0.02786,0.11778,0.12165,0.058817,0.059624,0.055437,0.020874,0.032048,0.027234,0.015663,0.037915,0.011535,0.008267,0.013038,0.0092832,0.036745,0.032316,0.037881,0.05321,0.069474,0.12481,0.1239,0.080323,0.037025,0.081237,0.088672,0.17644,0.033054,0.030381,0.048274,0.050454,0.052401,0.014823,0.089848,0.12636,0.13835,0.096874,0.10567,0.092228,0.06963,0.06372,0.090889,0.1348,0.12162
0.063965,0.020498,0.038924,0.03392,0.02111,0.018464,0.030331,0.038914,0.0236,0.029951,0.019153,0.0092666,0.011768,0.0081827,0,0.079108,0.052961,0.054624,0.069168,0.04321,0.043859,0.044668,0.042044,0.040466,0.045678,0.044999,0.044913,0.035044,0.029241,0.010445,0.018978,0.017045,0.063561,0.081107,0.13757,0.12204,0.11322,0.10634,0.11092,0.037574,0.038887,0.037698,0.032758,0.025194,0.08639,0.093634,0.091073,0.088349,0.080286,0.07683,0.023397,0.0165,0.015631,0.0096073,0.011125,0.035642,0.014325,0.015905,0.0091373,0.016518,0.058217,0.07573,0.073727,0.069029,0.0082045,0.010212,0.031946,0.067073,0.035538,0.058109,0.053078,0.026633,0.029224,0.1192,0.12306,0.057406,0.058212,0.054028,0.022208,0.030661,0.02865,0.014527,0.039338,0.010841,0.0089269,0.01422,0.010084,0.03813,0.033694,0.039279,0.051802,0.070882,0.12622,0.12532,0.081735,0.038396,0.082649,0.090086,0.17785,0.031671,0.029009,0.046871,0.049049,0.050992,0.016032,0.091262,0.12778,0.13976,0.098288,0.10709,0.093642,0.071038,0.065126,0.092303,0.13622,0.12303
0.14305,0.06013,0.041132,0.046176,0.059606,0.062368,0.049669,0.1178,0.10193,0.10858,0.097062,0.083369,0.087782,0.077696,0.079108,0,0.027113,0.025573,0.012358,0.12217,0.12283,0.12365,0.12099,0.11939,0.12468,0.12399,0.1239,0.11384,0.10783,0.085684,0.096816,0.064083,0.017012,0.0075858,0.058481,0.043078,0.034442,0.027776,0.032181,0.11643,0.11778,0.11658,0.11148,0.055116,0.010344,0.016092,0.013817,0.011753,0.0080099,0.0083956,0.056937,0.093941,0.093015,0.084833,0.087303,0.11446,0.091075,0.093065,0.083379,0.064806,0.022442,0.15482,0.15282,0.14812,0.080519,0.07303,0.048201,0.014123,0.044425,0.022546,0.027198,0.053635,0.051006,0.040283,0.04408,0.13648,0.13729,0.13309,0.0582,0.10927,0.051781,0.091868,0.040595,0.086358,0.075388,0.067216,0.073034,0.041947,0.046322,0.040614,0.13086,0.011994,0.047204,0.046309,0.0092154,0.041579,0.0094677,0.013302,0.098762,0.11034,0.10758,0.12589,0.12809,0.13005,0.065041,0.014229,0.048738,0.060672,0.020313,0.028487,0.01611,0.011967,0.016141,0.014956,0.057129,0.044047
0.11676,0.03425,0.017231,0.021505,0.033983,0.036481,0.024353,0.091506,0.075647,0.08229,0.07079,0.057173,0.061558,0.051555,0.052961,0.027113,0,0.008749,0.01799,0.095877,0.096536,0.097358,0.094693,0.093091,0.098381,0.097696,0.097607,0.087541,0.081538,0.059465,0.070547,0.038106,0.013448,0.029018,0.084776,0.069248,0.06046,0.05366,0.058186,0.090137,0.091488,0.090282,0.085189,0.029686,0.034098,0.041157,0.03865,0.03601,0.028289,0.024999,0.031197,0.067679,0.066759,0.058626,0.061073,0.088165,0.064835,0.066817,0.057178,0.038767,0.011159,0.12852,0.12652,0.12182,0.054341,0.046914,0.02336,0.016146,0.019613,0.01138,0.010543,0.02812,0.025776,0.066411,0.070271,0.11019,0.111,0.10679,0.03247,0.082978,0.026219,0.06562,0.016033,0.060138,0.04927,0.041249,0.046966,0.017789,0.021424,0.016307,0.10456,0.019539,0.073432,0.072525,0.029586,0.017228,0.030475,0.037688,0.12506,0.084045,0.081291,0.099596,0.10179,0.10375,0.039084,0.038876,0.074983,0.086968,0.045752,0.0544,0.04119,0.019693,0.014891,0.039887,0.083423,0.070243
0.11843,0.035898,0.018533,0.022982,0.035595,0.038128,0.025953,0.093184,0.077325,0.083968,0.072467,0.058841,0.063229,0.053219,0.054624,0.025573,0.008749,0,0.016667,0.097555,0.098214,0.099036,0.096371,0.094769,0.10006,0.099374,0.099285,0.089219,0.083215,0.061135,0.072223,0.03976,0.012397,0.027449,0.083098,0.067575,0.058791,0.051994,0.056516,0.091815,0.093166,0.09196,0.086867,0.031279,0.03249,0.039523,0.037027,0.034397,0.026729,0.023476,0.032833,0.069354,0.068434,0.060297,0.062747,0.089843,0.066508,0.068491,0.058849,0.040429,0.010631,0.1302,0.1282,0.1235,0.056008,0.048577,0.024861,0.014839,0.02119,0.010596,0.01041,0.029749,0.027357,0.064739,0.068596,0.11186,0.11268,0.10847,0.034112,0.084655,0.027839,0.067295,0.017612,0.061811,0.050932,0.042897,0.048623,0.0192,0.022946,0.017812,0.10624,0.018143,0.071755,0.070849,0.028035,0.018693,0.028922,0.036081,0.12338,0.085723,0.082969,0.10127,0.10347,0.10543,0.040733,0.037252,0.073305,0.08529,0.044101,0.052734,0.039556,0.018302,0.013712,0.038258,0.081745,0.068567
0.13308,0.050243,0.031631,0.036546,0.049782,0.052477,0.039909,0.10783,0.091962,0.098615,0.087095,0.073418,0.077824,0.067759,0.069168,0.012358,0.01799,0.016667,0,0.1122,0.11286,0.11368,0.11102,0.10942,0.11471,0.11402,0.11393,0.10387,0.097859,0.075729,0.086849,0.054181,0.0099899,0.013954,0.068449,0.052958,0.04426,0.037527,0.041999,0.10646,0.10781,0.10661,0.10151,0.045333,0.018581,0.025298,0.022861,0.020388,0.013609,0.011162,0.047085,0.083977,0.083051,0.074881,0.077345,0.10449,0.081116,0.083105,0.073431,0.054892,0.014524,0.14485,0.14285,0.13815,0.070575,0.063103,0.038535,0.0085659,0.034716,0.014731,0.01858,0.043819,0.041245,0.050143,0.053973,0.12651,0.12732,0.12312,0.048346,0.099302,0.041941,0.081906,0.030893,0.076406,0.065457,0.057319,0.063116,0.032407,0.036638,0.030986,0.12089,0.0092088,0.05712,0.056217,0.014774,0.031944,0.01557,0.021995,0.10873,0.10037,0.097613,0.11592,0.11812,0.12008,0.055144,0.023157,0.058666,0.070641,0.0298,0.038253,0.025343,0.0093109,0.009917,0.024104,0.067096,0.053947
0.021277,0.062163,0.081587,0.076452,0.06275,0.059914,0.072759,0.0079616,0.020949,0.014812,0.025581,0.038979,0.03463,0.044608,0.04321,0.12217,0.095877,0.097555,0.1122,0,0.0067959,0.0067392,0.0068017,0.0071729,0.0070745,0.0068391,0.0067687,0.010672,0.015571,0.036694,0.025856,0.058201,0.10656,0.12418,0.18065,0.16512,0.1563,0.14942,0.154,0.0087979,0.0080197,0.0088623,0.012391,0.067254,0.12947,0.13672,0.13415,0.13143,0.12335,0.11989,0.065399,0.028612,0.029513,0.037557,0.035115,0.010074,0.031434,0.029491,0.038996,0.05747,0.10118,0.032716,0.030737,0.026149,0.041814,0.049246,0.074344,0.11011,0.078048,0.10108,0.095979,0.06871,0.071365,0.16228,0.16615,0.015212,0.01592,0.012369,0.064117,0.014212,0.070568,0.030663,0.08186,0.036088,0.046903,0.055069,0.04925,0.080788,0.076159,0.081915,0.01051,0.11392,0.16931,0.1684,0.12481,0.081021,0.12572,0.13317,0.22094,0.013413,0.01579,0.0078107,0.0088391,0.010196,0.057237,0.13434,0.17086,0.18284,0.14137,0.15017,0.13672,0.11408,0.10814,0.13538,0.1793,0.16611
0.020644,0.062821,0.082247,0.077112,0.06341,0.060572,0.073418,0.0083889,0.021609,0.015447,0.026236,0.039628,0.03528,0.045258,0.043859,0.12283,0.096536,0.098214,0.11286,0.0067959,0,0.0067029,0.0071235,0.0075524,0.0069876,0.0068063,0.0067384,0.011155,0.016194,0.037342,0.026506,0.05886,0.10722,0.12484,0.18131,0.16578,0.15696,0.15008,0.15466,0.0093331,0.0084383,0.0093855,0.012968,0.067914,0.13013,0.13738,0.13481,0.13209,0.12401,0.12055,0.066057,0.029264,0.030164,0.038205,0.035764,0.010624,0.032075,0.030131,0.039648,0.058129,0.10184,0.03206,0.030084,0.025503,0.042464,0.049901,0.075004,0.11077,0.078707,0.10174,0.096639,0.06937,0.072026,0.16294,0.16681,0.014662,0.015343,0.011883,0.064776,0.014832,0.071228,0.031316,0.08252,0.036734,0.047556,0.055725,0.049903,0.081448,0.076818,0.082575,0.010091,0.11458,0.16997,0.16906,0.12547,0.081681,0.12638,0.13383,0.2216,0.014005,0.016412,0.0075809,0.0085185,0.0097112,0.057893,0.135,0.17152,0.1835,0.14203,0.15083,0.13738,0.11474,0.1088,0.13604,0.17996,0.16677
0.019854,0.063639,0.083069,0.077933,0.064226,0.061387,0.074239,0.008735,0.022347,0.016107,0.027004,0.040433,0.036079,0.046067,0.044668,0.12365,0.097358,0.099036,0.11368,0.0067392,0.0067029,0,0.0072223,0.0078185,0.0066729,0.0065651,0.0065029,0.011739,0.016873,0.038144,0.027273,0.059674,0.10804,0.12566,0.18213,0.1666,0.15778,0.1509,0.15548,0.0097241,0.0087768,0.0097864,0.013583,0.068732,0.13095,0.1382,0.13564,0.13291,0.12484,0.12137,0.066876,0.03004,0.030946,0.039006,0.036562,0.011153,0.032867,0.030916,0.040447,0.058942,0.10266,0.03125,0.029277,0.024705,0.04327,0.05071,0.075824,0.11159,0.079529,0.10257,0.097461,0.07019,0.072846,0.16376,0.16763,0.013882,0.01456,0.011148,0.065594,0.015487,0.072047,0.0321,0.083341,0.037529,0.048365,0.056539,0.050715,0.08227,0.077639,0.083396,0.0093676,0.11541,0.17079,0.16988,0.12629,0.082503,0.1272,0.13465,0.22242,0.014641,0.017087,0.0071577,0.0079331,0.0090849,0.058708,0.13582,0.17234,0.18433,0.14285,0.15165,0.13821,0.11556,0.10962,0.13687,0.18078,0.1676
0.022434,0.060986,0.080404,0.07527,0.061573,0.058738,0.071578,0.0075856,0.019831,0.013801,0.024441,0.037816,0.033472,0.043439,0.042044,0.12099,0.094693,0.096371,0.11102,0.0068017,0.0071235,0.0072223,0,0.0069252,0.0076367,0.00734,0.0072509,0.009879,0.014552,0.035532,0.024726,0.057025,0.10538,0.123,0.17947,0.16394,0.15512,0.14824,0.15282,0.008225,0.007573,0.0082717,0.011504,0.066074,0.12829,0.13553,0.13297,0.13025,0.12217,0.11871,0.06422,0.02747,0.028364,0.036393,0.033953,0.0092935,0.030287,0.028353,0.037828,0.056293,0.099992,0.033895,0.031914,0.02732,0.040648,0.048074,0.073162,0.10892,0.076865,0.099901,0.094796,0.067529,0.070183,0.1611,0.16496,0.016321,0.017045,0.013424,0.062939,0.013242,0.069387,0.029504,0.080677,0.034918,0.045733,0.053896,0.04808,0.079605,0.074976,0.080732,0.01151,0.11274,0.16812,0.16722,0.12362,0.079838,0.12454,0.13198,0.21975,0.012488,0.014783,0.0085301,0.0097057,0.011173,0.056063,0.13316,0.16968,0.18166,0.14019,0.14899,0.13554,0.1129,0.10696,0.1342,0.17812,0.16493
0.023958,0.059387,0.078802,0.073668,0.059974,0.05714,0.069977,0.007085,0.018383,0.012489,0.022933,0.036244,0.031912,0.04186,0.040466,0.11939,0.093091,0.094769,0.10942,0.0071729,0.0075524,0.0078185,0.0069252,0,0.0084183,0.0079979,0.0079079,0.0088709,0.013224,0.033968,0.02322,0.055429,0.10378,0.12139,0.17787,0.16234,0.15351,0.14664,0.15122,0.0075422,0.0070716,0.0076632,0.010306,0.064474,0.12668,0.13393,0.13137,0.12864,0.12057,0.1171,0.06262,0.025941,0.026833,0.034832,0.032396,0.0083581,0.028748,0.026824,0.036268,0.054699,0.098389,0.035478,0.033491,0.028876,0.039074,0.046488,0.07156,0.10732,0.075263,0.098299,0.093193,0.065928,0.068581,0.1595,0.16336,0.017763,0.018501,0.014772,0.06134,0.011939,0.067785,0.027975,0.079075,0.033381,0.04415,0.052302,0.046492,0.078003,0.073374,0.079129,0.012789,0.11114,0.16652,0.16561,0.12202,0.078235,0.12293,0.13038,0.21815,0.011238,0.013438,0.0093411,0.010759,0.012321,0.054466,0.13156,0.16807,0.18006,0.13859,0.14739,0.13394,0.11129,0.10535,0.1326,0.17651,0.16333
0.018901,0.064661,0.084091,0.078956,0.065249,0.062409,0.075262,0.0094333,0.023303,0.017032,0.027984,0.041439,0.037077,0.047079,0.045678,0.12468,0.098381,0.10006,0.11471,0.0070745,0.0069876,0.0066729,0.0076367,0.0084183,0,0.0066394,0.0065996,0.012565,0.017795,0.039146,0.028253,0.060696,0.10907,0.12668,0.18316,0.16763,0.1588,0.15193,0.15651,0.010474,0.0094512,0.010474,0.014471,0.069755,0.13197,0.13922,0.13666,0.13393,0.12586,0.1224,0.067898,0.03103,0.031934,0.040005,0.037558,0.011949,0.033856,0.031903,0.041447,0.059963,0.10368,0.030245,0.028277,0.023719,0.044277,0.051727,0.076847,0.11261,0.080551,0.10359,0.098484,0.071212,0.073869,0.16479,0.16865,0.013039,0.013699,0.01042,0.066616,0.016415,0.07307,0.033085,0.084364,0.038515,0.049379,0.05756,0.051732,0.083293,0.078662,0.084419,0.0087519,0.11643,0.17181,0.17091,0.12731,0.083526,0.12822,0.13567,0.22344,0.015543,0.018012,0.007095,0.007589,0.008626,0.05973,0.13685,0.17336,0.18535,0.14388,0.15268,0.13923,0.11658,0.11064,0.13789,0.1818,0.16862
0.019536,0.063977,0.083407,0.078271,0.064564,0.061725,0.074577,0.0089841,0.022648,0.016404,0.027317,0.040761,0.036402,0.046399,0.044999,0.12399,0.097696,0.099374,0.11402,0.0068391,0.0068063,0.0065651,0.00734,0.0079979,0.0066394,0,0.0065449,0.011997,0.017162,0.038468,0.027587,0.060012,0.10838,0.126,0.18247,0.16694,0.15812,0.15124,0.15582,0.0099623,0.0089775,0.0099665,0.013861,0.06907,0.13129,0.13854,0.13597,0.13325,0.12517,0.12171,0.067214,0.030357,0.031261,0.039328,0.036883,0.011397,0.033185,0.031233,0.040769,0.05928,0.10299,0.030914,0.028941,0.024372,0.043599,0.051045,0.076162,0.11193,0.079867,0.1029,0.097799,0.070528,0.073184,0.1641,0.16796,0.013609,0.014284,0.010926,0.065932,0.015792,0.072385,0.032414,0.083679,0.03784,0.048698,0.056877,0.051051,0.082608,0.077977,0.083734,0.0092016,0.11574,0.17113,0.17022,0.12662,0.082841,0.12754,0.13498,0.22276,0.014928,0.017375,0.0071487,0.0078241,0.0089508,0.059047,0.13616,0.17268,0.18466,0.14319,0.15199,0.13854,0.1159,0.10996,0.1372,0.18112,0.16793
0.019617,0.063888,0.083317,0.078182,0.064476,0.061637,0.074488,0.0088843,0.022565,0.016323,0.027237,0.040677,0.036319,0.046312,0.044913,0.1239,0.097607,0.099285,0.11393,0.0067687,0.0067384,0.0065029,0.0072509,0.0079079,0.0065996,0.0065449,0,0.011914,0.017081,0.038385,0.027508,0.059923,0.10829,0.12591,0.18238,0.16685,0.15803,0.15115,0.15573,0.0099017,0.0089122,0.0099411,0.013792,0.068981,0.1312,0.13845,0.13588,0.13316,0.12508,0.12162,0.067125,0.030279,0.031181,0.039244,0.036799,0.011303,0.033103,0.031152,0.040685,0.059192,0.10291,0.031004,0.029031,0.02446,0.043513,0.050958,0.076073,0.11184,0.079777,0.10281,0.097709,0.070439,0.073095,0.16401,0.16788,0.013676,0.014354,0.010974,0.065843,0.015707,0.072296,0.032331,0.08359,0.037754,0.048611,0.056788,0.050963,0.082518,0.077888,0.083645,0.0092185,0.11565,0.17104,0.17013,0.12654,0.082752,0.12745,0.1349,0.22267,0.014854,0.017303,0.0072154,0.0078883,0.0090304,0.058958,0.13607,0.17259,0.18457,0.1431,0.1519,0.13845,0.11581,0.10987,0.13711,0.18103,0.16785
0.029404,0.053876,0.073257,0.068129,0.054464,0.051641,0.064444,0.0081517,0.013673,0.0088522,0.017897,0.030852,0.026589,0.036431,0.035044,0.11384,0.087541,0.089219,0.10387,0.010672,0.011155,0.011739,0.009879,0.0088709,0.012565,0.011997,0.011914,0,0.009381,0.02862,0.01819,0.049935,0.098226,0.11584,0.17232,0.15679,0.14796,0.14109,0.14567,0.0077203,0.0081369,0.0079327,0.0076615,0.058954,0.12113,0.12838,0.12582,0.12309,0.11502,0.11155,0.057102,0.020791,0.021651,0.029495,0.027083,0.007236,0.023529,0.021665,0.03092,0.04921,0.092839,0.041005,0.039012,0.03437,0.033676,0.041032,0.066024,0.10177,0.069722,0.092749,0.087643,0.060401,0.063047,0.15395,0.15781,0.023063,0.023833,0.0199,0.055827,0.0085124,0.062261,0.022777,0.073529,0.028114,0.038708,0.046816,0.04103,0.072459,0.067835,0.073584,0.017807,0.10559,0.16097,0.16006,0.11647,0.072688,0.11738,0.12483,0.2126,0.0081046,0.0095324,0.01359,0.015408,0.017154,0.04897,0.12601,0.16252,0.17451,0.13304,0.14184,0.12839,0.10574,0.099804,0.12705,0.17096,0.15778
0.035329,0.047932,0.067265,0.062144,0.048526,0.045708,0.058469,0.011989,0.0093752,0.0075564,0.012822,0.025103,0.020949,0.030616,0.029241,0.10783,0.081538,0.083215,0.097859,0.015571,0.016194,0.016873,0.014552,0.013224,0.017795,0.017162,0.017081,0.009381,0,0.022955,0.013087,0.04402,0.092219,0.10984,0.16631,0.15078,0.14196,0.13508,0.13966,0.011027,0.011975,0.011184,0.0082975,0.052997,0.11512,0.12237,0.11981,0.11709,0.10901,0.10555,0.051147,0.015477,0.016267,0.023799,0.02144,0.0095702,0.018072,0.016331,0.025217,0.043298,0.086832,0.046998,0.044999,0.04033,0.027902,0.035177,0.060045,0.095762,0.063737,0.086741,0.081637,0.054435,0.057071,0.14794,0.1518,0.0289,0.02969,0.025628,0.049877,0.0077004,0.056298,0.017308,0.067539,0.022557,0.032873,0.040909,0.035164,0.06647,0.061852,0.06759,0.023478,0.09958,0.15496,0.15406,0.11046,0.066692,0.11138,0.11882,0.20659,0.0079047,0.0075453,0.0189,0.0209,0.022757,0.043045,0.12,0.15651,0.1685,0.12703,0.13583,0.12238,0.099735,0.093796,0.12104,0.16495,0.15177
0.05738,0.026457,0.045348,0.040298,0.02713,0.024323,0.036653,0.032433,0.017525,0.023624,0.013491,0.0084242,0.0084737,0.011273,0.010445,0.085684,0.059465,0.061135,0.075729,0.036694,0.037342,0.038144,0.035532,0.033968,0.039146,0.038468,0.038385,0.02862,0.022955,0,0.01339,0.022783,0.070099,0.087686,0.14416,0.12863,0.1198,0.11293,0.11751,0.031113,0.032408,0.031226,0.026383,0.031377,0.092973,0.10022,0.097659,0.094934,0.086862,0.083403,0.029527,0.011234,0.01058,0.0082363,0.0080223,0.029192,0.0097731,0.011069,0.0084507,0.022079,0.064744,0.069143,0.067139,0.062442,0.009608,0.014709,0.038277,0.073632,0.041877,0.06464,0.059577,0.032817,0.035424,0.12579,0.12965,0.050831,0.051635,0.04746,0.028286,0.024343,0.034718,0.0097184,0.045687,0.0083027,0.012939,0.019799,0.014754,0.044554,0.040033,0.045675,0.045241,0.077445,0.13281,0.1319,0.088312,0.044784,0.089226,0.096669,0.18444,0.025333,0.02274,0.040328,0.042497,0.044431,0.021751,0.097847,0.13436,0.14635,0.10488,0.11368,0.10023,0.0776,0.071674,0.098889,0.1428,0.12962
0.046268,0.037147,0.056327,0.051231,0.037769,0.034953,0.047576,0.021745,0.0090615,0.013653,0.0078274,0.015141,0.011727,0.020277,0.018978,0.096816,0.070547,0.072223,0.086849,0.025856,0.026506,0.027273,0.024726,0.02322,0.028253,0.027587,0.027508,0.01819,0.013087,0.01339,0,0.033324,0.08121,0.098822,0.15529,0.13976,0.13094,0.12407,0.12864,0.020488,0.021716,0.020601,0.016127,0.042168,0.10411,0.11136,0.1088,0.10607,0.097997,0.094533,0.040323,0.0083917,0.0086917,0.014102,0.012074,0.018652,0.0099269,0.0091502,0.01537,0.032616,0.07583,0.058005,0.056002,0.051311,0.017751,0.024644,0.049158,0.084751,0.052821,0.075735,0.070643,0.043601,0.046218,0.13692,0.14079,0.039769,0.040565,0.036429,0.039061,0.014306,0.045486,0.0092671,0.056625,0.013414,0.022449,0.030223,0.024622,0.05554,0.050953,0.056655,0.034239,0.088568,0.14395,0.14304,0.099447,0.055757,0.10036,0.10781,0.19558,0.015193,0.012957,0.029398,0.031526,0.033435,0.0323,0.10899,0.1455,0.15749,0.11601,0.12481,0.11137,0.088723,0.082786,0.11003,0.15394,0.14076
0.079058,0.0094928,0.024552,0.019874,0.010752,0.0089674,0.01644,0.05386,0.038249,0.04476,0.033539,0.020816,0.024837,0.015713,0.017045,0.064083,0.038106,0.03976,0.054181,0.058201,0.05886,0.059674,0.057025,0.055429,0.060696,0.060012,0.059923,0.049935,0.04402,0.022783,0.033324,0,0.04863,0.066064,0.12248,0.10694,0.098122,0.091246,0.095825,0.052503,0.053832,0.052642,0.047612,0.01267,0.071332,0.078552,0.075999,0.073284,0.06526,0.061816,0.010947,0.030549,0.029642,0.021852,0.024157,0.050549,0.027882,0.029758,0.020442,0.0080845,0.043366,0.090824,0.08882,0.084123,0.017999,0.011939,0.018219,0.052102,0.021426,0.043272,0.038323,0.013569,0.01599,0.1041,0.10797,0.072487,0.073298,0.069096,0.01041,0.045461,0.015379,0.028455,0.02488,0.023156,0.013826,0.0093822,0.012467,0.023712,0.019713,0.024867,0.066862,0.055906,0.11113,0.11022,0.066711,0.023978,0.067625,0.07503,0.16276,0.046492,0.043772,0.061903,0.064095,0.066057,0.0089798,0.076193,0.11268,0.12467,0.083199,0.091995,0.078566,0.056061,0.050185,0.077227,0.12112,0.10794
0.12744,0.044725,0.026542,0.03137,0.044337,0.046963,0.034563,0.10219,0.086322,0.092974,0.081455,0.067796,0.072196,0.062153,0.063561,0.017012,0.013448,0.012397,0.0099899,0.10656,0.10722,0.10804,0.10538,0.10378,0.10907,0.10838,0.10829,0.098226,0.092219,0.070099,0.08121,0.04863,0,0.018775,0.07409,0.058586,0.049843,0.043063,0.047573,0.10082,0.10217,0.10097,0.095874,0.039944,0.023734,0.03067,0.028194,0.025609,0.018146,0.015215,0.041607,0.078339,0.077414,0.069253,0.071711,0.09885,0.075483,0.07747,0.067804,0.049319,0.011344,0.13921,0.13721,0.13251,0.064953,0.057504,0.033268,0.0087274,0.029374,0.011259,0.014098,0.038359,0.035803,0.055758,0.059604,0.12087,0.12168,0.11748,0.04289,0.093661,0.036419,0.076269,0.025473,0.070773,0.05986,0.051782,0.05754,0.027364,0.031296,0.025686,0.11525,0.011195,0.062757,0.061853,0.019572,0.026769,0.020403,0.027296,0.11437,0.094728,0.091973,0.11028,0.11248,0.11444,0.049609,0.02843,0.064304,0.076282,0.035223,0.043797,0.030687,0.011345,0.0090903,0.029406,0.072737,0.059577
0.14506,0.06211,0.043071,0.048129,0.061582,0.064351,0.051638,0.11981,0.10394,0.11059,0.099069,0.085371,0.089786,0.079692,0.081107,0.0075858,0.029018,0.027449,0.013954,0.12418,0.12484,0.12566,0.123,0.12139,0.12668,0.126,0.12591,0.11584,0.10984,0.087686,0.098822,0.066064,0.018775,0,0.056475,0.041083,0.032469,0.025817,0.030205,0.11844,0.11979,0.11859,0.11349,0.057093,0.0090525,0.014314,0.012176,0.010296,0.007884,0.0090777,0.058914,0.095947,0.095021,0.086835,0.089308,0.11647,0.093079,0.09507,0.085379,0.066788,0.024261,0.15683,0.15482,0.15013,0.082518,0.07502,0.050162,0.015782,0.046387,0.024306,0.029044,0.055606,0.052975,0.038292,0.042083,0.13849,0.1393,0.1351,0.060178,0.11128,0.053753,0.093874,0.042564,0.088359,0.077381,0.069198,0.075024,0.043888,0.048279,0.042571,0.13286,0.013376,0.045205,0.044312,0.0092662,0.043546,0.0093177,0.011961,0.096755,0.11235,0.10959,0.1279,0.13009,0.13206,0.067023,0.012634,0.046739,0.058665,0.018434,0.026525,0.01435,0.013302,0.017853,0.013247,0.055123,0.042049
0.20153,0.11851,0.099066,0.1042,0.11792,0.12076,0.1079,0.17628,0.16041,0.16706,0.15554,0.14184,0.14626,0.13616,0.13757,0.058481,0.084776,0.083098,0.068449,0.18065,0.18131,0.18213,0.17947,0.17787,0.18316,0.18247,0.18238,0.17232,0.16631,0.14416,0.15529,0.12248,0.07409,0.056475,0,0.01628,0.024687,0.031395,0.026911,0.17491,0.17626,0.17506,0.16996,0.11341,0.051192,0.043967,0.046521,0.049236,0.057301,0.060762,0.11526,0.15242,0.15149,0.1433,0.14578,0.17294,0.14955,0.15154,0.14185,0.12321,0.079477,0.2133,0.2113,0.2066,0.13898,0.13148,0.10631,0.070547,0.10261,0.079568,0.084673,0.11195,0.10929,0.018964,0.015329,0.19496,0.19577,0.19157,0.11655,0.16775,0.11009,0.15035,0.098793,0.14483,0.13384,0.12562,0.13147,0.099865,0.1045,0.098738,0.18934,0.066728,0.012487,0.013292,0.055857,0.099631,0.054942,0.047521,0.040283,0.16882,0.16606,0.18437,0.18657,0.18853,0.12345,0.046328,0.01113,0.0057725,0.039353,0.030683,0.043964,0.066573,0.072513,0.045296,0.0057182,0.015324
0.186,0.10298,0.083537,0.088672,0.10239,0.10523,0.092367,0.16075,0.14488,0.15153,0.14001,0.12631,0.13073,0.12063,0.12204,0.043078,0.069248,0.067575,0.052958,0.16512,0.16578,0.1666,0.16394,0.16234,0.16763,0.16694,0.16685,0.15679,0.15078,0.12863,0.13976,0.10694,0.058586,0.041083,0.01628,0,0.010773,0.016743,0.012602,0.15938,0.16073,0.15953,0.15443,0.097875,0.035908,0.028816,0.031308,0.033971,0.041935,0.045359,0.099734,0.13689,0.13596,0.12777,0.13025,0.15741,0.13402,0.13601,0.12632,0.10768,0.063967,0.19777,0.19577,0.19107,0.12345,0.11595,0.090781,0.055054,0.087075,0.064059,0.069157,0.096415,0.093758,0.0068364,0.0062652,0.17943,0.18024,0.17604,0.10102,0.15222,0.094558,0.13482,0.083263,0.1293,0.11831,0.11009,0.11594,0.084334,0.088965,0.083208,0.17381,0.051272,0.0073587,0.0070152,0.040538,0.084101,0.03963,0.032339,0.055813,0.15329,0.15053,0.16884,0.17104,0.173,0.10792,0.031132,0.0082318,0.018273,0.02433,0.016086,0.02882,0.051119,0.057021,0.03009,0.015041,0.0064153
0.17718,0.094153,0.074726,0.079855,0.093564,0.096409,0.083545,0.15193,0.13606,0.14271,0.13119,0.11749,0.1219,0.1118,0.11322,0.034442,0.06046,0.058791,0.04426,0.1563,0.15696,0.15778,0.15512,0.15351,0.1588,0.15812,0.15803,0.14796,0.14196,0.1198,0.13094,0.098122,0.049843,0.032469,0.024687,0.010773,0,0.0097022,0.0071548,0.15056,0.15191,0.15071,0.14561,0.089054,0.027395,0.020484,0.022888,0.025497,0.033326,0.036728,0.090912,0.12807,0.12714,0.11895,0.12143,0.14859,0.1252,0.12719,0.1175,0.098859,0.055211,0.18895,0.18694,0.18225,0.11463,0.10712,0.081966,0.046331,0.078261,0.055295,0.060376,0.087595,0.084942,0.0086854,0.011588,0.17061,0.17142,0.16722,0.092195,0.1434,0.085739,0.12599,0.074453,0.12048,0.10949,0.10127,0.10712,0.075519,0.080149,0.074399,0.16498,0.042602,0.014187,0.013434,0.032013,0.075287,0.031121,0.023984,0.064636,0.14447,0.14171,0.16002,0.16221,0.16418,0.099094,0.022752,0.015552,0.026773,0.0163,0.0091607,0.020506,0.042458,0.048295,0.021724,0.023392,0.011618
0.1703,0.087277,0.067881,0.073003,0.086693,0.089534,0.076679,0.14505,0.12918,0.13583,0.12431,0.11061,0.11503,0.10493,0.10634,0.027776,0.05366,0.051994,0.037527,0.14942,0.15008,0.1509,0.14824,0.14664,0.15193,0.15124,0.15115,0.14109,0.13508,0.11293,0.12407,0.091246,0.043063,0.025817,0.031395,0.016743,0.0097022,0,0.0083742,0.14368,0.14503,0.14383,0.13873,0.082185,0.020895,0.014391,0.016607,0.019069,0.026684,0.030055,0.08404,0.12119,0.12026,0.11208,0.11455,0.14171,0.11832,0.12031,0.11062,0.091982,0.048426,0.18207,0.18007,0.17537,0.10776,0.10025,0.075109,0.039588,0.071402,0.04851,0.053565,0.080728,0.078078,0.014248,0.017659,0.16373,0.16454,0.16034,0.085321,0.13652,0.078873,0.11912,0.067604,0.1136,0.10261,0.094393,0.10024,0.068678,0.073293,0.067547,0.15811,0.03592,0.020547,0.01974,0.025493,0.068438,0.024624,0.01779,0.071512,0.13759,0.13483,0.15314,0.15534,0.1573,0.092218,0.016508,0.022015,0.033525,0.010798,0.0071665,0.014422,0.03578,0.041559,0.015501,0.030081,0.017702
0.17488,0.091855,0.072436,0.077564,0.091268,0.094112,0.08125,0.14963,0.13376,0.14041,0.12889,0.11519,0.11961,0.1095,0.11092,0.032181,0.058186,0.056516,0.041999,0.154,0.15466,0.15548,0.15282,0.15122,0.15651,0.15582,0.15573,0.14567,0.13966,0.11751,0.12864,0.095825,0.047573,0.030205,0.026911,0.012602,0.0071548,0.0083742,0,0.14826,0.14961,0.14841,0.14331,0.086758,0.025165,0.018316,0.020706,0.02327,0.031067,0.034469,0.088615,0.12577,0.12484,0.11665,0.11913,0.14629,0.1229,0.12489,0.1152,0.096561,0.052935,0.18665,0.18464,0.17995,0.11233,0.10483,0.079674,0.044067,0.075969,0.053021,0.058096,0.0853,0.082648,0.010354,0.013473,0.16831,0.16912,0.16492,0.089898,0.1411,0.083444,0.1237,0.072164,0.11818,0.10719,0.098971,0.10482,0.073231,0.077858,0.072109,0.16269,0.040356,0.016225,0.015447,0.0298,0.072996,0.028905,0.021839,0.066933,0.14217,0.13941,0.15772,0.15992,0.16188,0.096797,0.020527,0.017658,0.029008,0.014333,0.0078673,0.018326,0.040213,0.046033,0.019524,0.025612,0.013524
